location: Left
 U0 boundary: Dirichlet 0
 U1 boundary: Dirichlet 0
 U2 boundary: Dirichlet 0
 P boundary: Neumann 0
 rho boundary: Neumann 0
 nu boundary: Neumann 0
location: Right
 U0 boundary: Dirichlet 0
 U1 boundary: Dirichlet 0
 U2 boundary: Dirichlet 0
 P boundary: Neumann 0
 rho boundary: Neumann 0
 nu boundary: Neumann 0
location: Front
 U0 boundary: Dirichlet 0
 U1 boundary: Dirichlet 0
 U2 boundary: Dirichlet 0
 P boundary: Neumann 0
 rho boundary: Neumann 0
 nu boundary: Neumann 0
location: Back
 U0 boundary: Dirichlet 0
 U1 boundary: Dirichlet 0
 U2 boundary: Dirichlet 0
 P boundary: Neumann 0
 rho boundary: Neumann 0
 nu boundary: Neumann 0
location: Top
 U0 boundary: Dirichlet 1
 U1 boundary: Dirichlet 0
 U2 boundary: Dirichlet 0
 P boundary: Neumann 0
 rho boundary: Neumann 0
 nu boundary: Neumann 0
location: Bottom
 U0 boundary: Dirichlet 0
 U1 boundary: Dirichlet 0
 U2 boundary: Dirichlet 0
 P boundary: Neumann 0
 rho boundary: Neumann 0
 nu boundary: Neumann 0
FaceField Uf
FaceField 108 X 3
0 0 0
0 0 0
0 0 0
0 0 0
0 0 0
0 0 0
0 0 0
0 0 0
0 0 0
1.5 2.5 3.5
10.5 11.5 12.5
19.5 20.5 21.5
28.5 29.5 30.5
37.5 38.5 39.5
46.5 47.5 48.5
55.5 56.5 57.5
64.5 65.5 66.5
73.5 74.5 75.5
4.5 5.5 6.5
13.5 14.5 15.5
22.5 23.5 24.5
31.5 32.5 33.5
40.5 41.5 42.5
49.5 50.5 51.5
58.5 59.5 60.5
67.5 68.5 69.5
76.5 77.5 78.5
0 0 0
0 0 0
0 0 0
0 0 0
0 0 0
0 0 0
0 0 0
0 0 0
0 0 0
0 0 0
0 0 0
0 0 0
0 0 0
0 0 0
0 0 0
0 0 0
0 0 0
0 0 0
4.5 5.5 6.5
7.5 8.5 9.5
10.5 11.5 12.5
31.5 32.5 33.5
34.5 35.5 36.5
37.5 38.5 39.5
58.5 59.5 60.5
61.5 62.5 63.5
64.5 65.5 66.5
13.5 14.5 15.5
16.5 17.5 18.5
19.5 20.5 21.5
40.5 41.5 42.5
43.5 44.5 45.5
46.5 47.5 48.5
67.5 68.5 69.5
70.5 71.5 72.5
73.5 74.5 75.5
0 0 0
0 0 0
0 0 0
0 0 0
0 0 0
0 0 0
0 0 0
0 0 0
0 0 0
0 0 0
0 0 0
0 0 0
0 0 0
0 0 0
0 0 0
0 0 0
0 0 0
0 0 0
13.5 14.5 15.5
16.5 17.5 18.5
19.5 20.5 21.5
22.5 23.5 24.5
25.5 26.5 27.5
28.5 29.5 30.5
31.5 32.5 33.5
34.5 35.5 36.5
37.5 38.5 39.5
40.5 41.5 42.5
43.5 44.5 45.5
46.5 47.5 48.5
49.5 50.5 51.5
52.5 53.5 54.5
55.5 56.5 57.5
58.5 59.5 60.5
61.5 62.5 63.5
64.5 65.5 66.5
1 0 0
1 0 0
1 0 0
1 0 0
1 0 0
1 0 0
1 0 0
1 0 0
1 0 0

2 (Matrix 27 X 27
10 0 0 0 0 0 0 0 0 0 0 0 0 0 0 0 0 0 0 0 0 0 0 0 0 0 0
0 10 0 0 0 0 0 0 0 0 0 0 0 0 0 0 0 0 0 0 0 0 0 0 0 0 0
0 0 10 0 0 0 0 0 0 0 0 0 0 0 0 0 0 0 0 0 0 0 0 0 0 0 0
0 0 0 10 0 0 0 0 0 0 0 0 0 0 0 0 0 0 0 0 0 0 0 0 0 0 0
0 0 0 0 10 0 0 0 0 0 0 0 0 0 0 0 0 0 0 0 0 0 0 0 0 0 0
0 0 0 0 0 10 0 0 0 0 0 0 0 0 0 0 0 0 0 0 0 0 0 0 0 0 0
0 0 0 0 0 0 10 0 0 0 0 0 0 0 0 0 0 0 0 0 0 0 0 0 0 0 0
0 0 0 0 0 0 0 10 0 0 0 0 0 0 0 0 0 0 0 0 0 0 0 0 0 0 0
0 0 0 0 0 0 0 0 10 0 0 0 0 0 0 0 0 0 0 0 0 0 0 0 0 0 0
0 0 0 0 0 0 0 0 0 10 0 0 0 0 0 0 0 0 0 0 0 0 0 0 0 0 0
0 0 0 0 0 0 0 0 0 0 10 0 0 0 0 0 0 0 0 0 0 0 0 0 0 0 0
0 0 0 0 0 0 0 0 0 0 0 10 0 0 0 0 0 0 0 0 0 0 0 0 0 0 0
0 0 0 0 0 0 0 0 0 0 0 0 10 0 0 0 0 0 0 0 0 0 0 0 0 0 0
0 0 0 0 0 0 0 0 0 0 0 0 0 10 0 0 0 0 0 0 0 0 0 0 0 0 0
0 0 0 0 0 0 0 0 0 0 0 0 0 0 10 0 0 0 0 0 0 0 0 0 0 0 0
0 0 0 0 0 0 0 0 0 0 0 0 0 0 0 10 0 0 0 0 0 0 0 0 0 0 0
0 0 0 0 0 0 0 0 0 0 0 0 0 0 0 0 10 0 0 0 0 0 0 0 0 0 0
0 0 0 0 0 0 0 0 0 0 0 0 0 0 0 0 0 10 0 0 0 0 0 0 0 0 0
0 0 0 0 0 0 0 0 0 0 0 0 0 0 0 0 0 0 10 0 0 0 0 0 0 0 0
0 0 0 0 0 0 0 0 0 0 0 0 0 0 0 0 0 0 0 10 0 0 0 0 0 0 0
0 0 0 0 0 0 0 0 0 0 0 0 0 0 0 0 0 0 0 0 10 0 0 0 0 0 0
0 0 0 0 0 0 0 0 0 0 0 0 0 0 0 0 0 0 0 0 0 10 0 0 0 0 0
0 0 0 0 0 0 0 0 0 0 0 0 0 0 0 0 0 0 0 0 0 0 10 0 0 0 0
0 0 0 0 0 0 0 0 0 0 0 0 0 0 0 0 0 0 0 0 0 0 0 10 0 0 0
0 0 0 0 0 0 0 0 0 0 0 0 0 0 0 0 0 0 0 0 0 0 0 0 10 0 0
0 0 0 0 0 0 0 0 0 0 0 0 0 0 0 0 0 0 0 0 0 0 0 0 0 10 0
0 0 0 0 0 0 0 0 0 0 0 0 0 0 0 0 0 0 0 0 0 0 0 0 0 0 10
 Matrix 27 X 3
-0 -10 -20
-30 -40 -50
-60 -70 -80
-90 -100 -110
-120 -130 -140
-150 -160 -170
-180 -190 -200
-210 -220 -230
-240 -250 -260
-270 -280 -290
-300 -310 -320
-330 -340 -350
-360 -370 -380
-390 -400 -410
-420 -430 -440
-450 -460 -470
-480 -490 -500
-510 -520 -530
-540 -550 -560
-570 -580 -590
-600 -610 -620
-630 -640 -650
-660 -670 -680
-690 -700 -710
-720 -730 -740
-750 -760 -770
-780 -790 -800
)
2 (Matrix 27 X 27
11.25 0.75 0 2.75 0 0 0 0 0 7.75 0 0 0 0 0 0 0 0 0 0 0 0 0 0 0 0 0
-0.75 15 2.25 0 4.25 0 0 0 0 0 9.25 0 0 0 0 0 0 0 0 0 0 0 0 0 0 0 0
0 -2.25 14.25 0 0 5.75 0 0 0 0 0 10.75 0 0 0 0 0 0 0 0 0 0 0 0 0 0 0
-2.75 0 0 22 5.25 0 7.25 0 0 0 0 0 12.25 0 0 0 0 0 0 0 0 0 0 0 0 0 0
0 -4.25 0 -5.25 19.75 6.75 0 8.75 0 0 0 0 0 13.75 0 0 0 0 0 0 0 0 0 0 0 0 0
0 0 -5.75 0 -6.75 13 0 0 10.25 0 0 0 0 0 15.25 0 0 0 0 0 0 0 0 0 0 0 0
0 0 0 -7.25 0 0 19.25 9.75 0 0 0 0 0 0 0 16.75 0 0 0 0 0 0 0 0 0 0 0
0 0 0 0 -8.75 0 -9.75 11 11.25 0 0 0 0 0 0 0 18.25 0 0 0 0 0 0 0 0 0 0
0 0 0 0 0 -10.25 0 -11.25 -1.75 0 0 0 0 0 0 0 0 19.75 0 0 0 0 0 0 0 0 0
-7.75 0 0 0 0 0 0 0 0 44 14.25 0 16.25 0 0 0 0 0 21.25 0 0 0 0 0 0 0 0
0 -9.25 0 0 0 0 0 0 0 -14.25 32.75 15.75 0 17.75 0 0 0 0 0 22.75 0 0 0 0 0 0 0
0 0 -10.75 0 0 0 0 0 0 0 -15.75 17 0 0 19.25 0 0 0 0 0 24.25 0 0 0 0 0 0
0 0 0 -12.25 0 0 0 0 0 -16.25 0 0 36.75 18.75 0 20.75 0 0 0 0 0 25.75 0 0 0 0 0
0 0 0 0 -13.75 0 0 0 0 0 -17.75 0 -18.75 19.5 20.25 0 22.25 0 0 0 0 0 27.25 0 0 0 0
0 0 0 0 0 -15.25 0 0 0 0 0 -19.25 0 -20.25 -2.25 0 0 23.75 0 0 0 0 0 28.75 0 0 0
0 0 0 0 0 0 -16.75 0 0 0 0 0 -20.75 0 0 16 23.25 0 0 0 0 0 0 0 30.25 0 0
0 0 0 0 0 0 0 -18.25 0 0 0 0 0 -22.25 0 -23.25 -7.25 24.75 0 0 0 0 0 0 0 31.75 0
0 0 0 0 0 0 0 0 -19.75 0 0 0 0 0 -23.75 0 -24.75 -35 0 0 0 0 0 0 0 0 33.25
0 0 0 0 0 0 0 0 0 -21.25 0 0 0 0 0 0 0 0 36.25 27.75 0 29.75 0 0 0 0 0
0 0 0 0 0 0 0 0 0 0 -22.75 0 0 0 0 0 0 0 -27.75 10 29.25 0 31.25 0 0 0 0
0 0 0 0 0 0 0 0 0 0 0 -24.25 0 0 0 0 0 0 0 -29.25 -20.75 0 0 32.75 0 0 0
0 0 0 0 0 0 0 0 0 0 0 0 -25.75 0 0 0 0 0 -29.75 0 0 11 32.25 0 34.25 0 0
0 0 0 0 0 0 0 0 0 0 0 0 0 -27.25 0 0 0 0 0 -31.25 0 -32.25 -21.25 33.75 0 35.75 0
0 0 0 0 0 0 0 0 0 0 0 0 0 0 -28.75 0 0 0 0 0 -32.75 0 -33.75 -58 0 0 37.25
0 0 0 0 0 0 0 0 0 0 0 0 0 0 0 -30.25 0 0 0 0 0 -34.25 0 0 -27.75 36.75 0
0 0 0 0 0 0 0 0 0 0 0 0 0 0 0 0 -31.75 0 0 0 0 0 -35.75 0 -36.75 -66 38.25
0 0 0 0 0 0 0 0 0 0 0 0 0 0 0 0 0 -33.25 0 0 0 0 0 -37.25 0 -38.25 -108.75
 Matrix 27 X 3
0 0 0
0 0 0
0 0 0
0 0 0
0 0 0
0 0 0
0 0 0
0 0 0
0 0 0
0 0 0
0 0 0
0 0 0
0 0 0
0 0 0
0 0 0
0 0 0
0 0 0
0 0 0
0 0 0
0 0 0
0 0 0
0 0 0
0 0 0
0 0 0
0 0 0
0 0 0
0 0 0
)
